total_number 0
particle_number_per_layer 200

maximum_dimension 0.000000 0.000000 0.06400000

normal_direction 0 0 1
particle_feedin yes

deposition_radius 0.02225
deposition_height  0.130
deposition_offset  0.020
random_max_velocity 0.000000 0.000000 0.000000
random_min_velocity -0.00000 -0.00000 -0.00000

new_material no

D1PEKS     +1.0000000000e-01
D1PEFR     +1.00000000000e-001
D1PELA     +8.91608391608e+09
D1PEMU     +1.73076923077e+10
D1PEPE     +6.50000000000e+006
D1PERO     +2.40000000000e+003
D1PESF     +0.00000000000e+000
D1PEPSF    +1.00000000000e+000
D1PEVF     +0.00000000000e+000
D1PEPF     +1.00000000000e-001

grid_number 200

0.019500 0.019500 0.500000 0 0 0
0.019500 0.058500 0.500000 0 0 0
0.019500 0.097500 0.500000 0 0 0
0.019500 -0.019500 0.500000 0 0 0
0.019500 -0.058500 0.500000 0 0 0
0.019500 -0.097500 0.500000 0 0 0
0.058500 0.019500 0.500000 0 0 0
0.058500 0.058500 0.500000 0 0 0
0.058500 0.097500 0.500000 0 0 0
0.058500 -0.019500 0.500000 0 0 0
0.058500 -0.058500 0.500000 0 0 0
0.058500 -0.097500 0.500000 0 0 0
0.097500 0.019500 0.500000 0 0 0
0.097500 0.058500 0.500000 0 0 0
0.097500 -0.019500 0.500000 0 0 0
0.097500 -0.058500 0.500000 0 0 0
-0.019500 0.019500 0.500000 0 0 0
-0.019500 0.058500 0.500000 0 0 0
-0.019500 0.097500 0.500000 0 0 0
-0.019500 -0.019500 0.500000 0 0 0
-0.019500 -0.058500 0.500000 0 0 0
-0.019500 -0.097500 0.500000 0 0 0
-0.058500 0.019500 0.500000 0 0 0
-0.058500 0.058500 0.500000 0 0 0
-0.058500 0.097500 0.500000 0 0 0
-0.058500 -0.019500 0.500000 0 0 0
-0.058500 -0.058500 0.500000 0 0 0
-0.058500 -0.097500 0.500000 0 0 0
-0.097500 0.019500 0.500000 0 0 0
-0.097500 0.058500 0.500000 0 0 0
-0.097500 -0.019500 0.500000 0 0 0
-0.097500 -0.058500 0.500000 0 0 0
0.000000 0.000000 0.466225 0 0 0
0.000000 0.039000 0.466225 0 0 0
0.000000 0.078000 0.466225 0 0 0
0.000000 0.117000 0.466225 0 0 0
0.000000 -0.039000 0.466225 0 0 0
0.000000 -0.078000 0.466225 0 0 0
0.000000 -0.117000 0.466225 0 0 0
0.039000 0.000000 0.466225 0 0 0
0.039000 0.039000 0.466225 0 0 0
0.039000 0.078000 0.466225 0 0 0
0.039000 -0.039000 0.466225 0 0 0
0.039000 -0.078000 0.466225 0 0 0
0.078000 0.000000 0.466225 0 0 0
0.078000 0.039000 0.466225 0 0 0
0.078000 0.078000 0.466225 0 0 0
0.078000 -0.039000 0.466225 0 0 0
0.078000 -0.078000 0.466225 0 0 0
0.117000 0.000000 0.466225 0 0 0
-0.039000 0.000000 0.466225 0 0 0
-0.039000 0.039000 0.466225 0 0 0
-0.039000 0.078000 0.466225 0 0 0
-0.039000 -0.039000 0.466225 0 0 0
-0.039000 -0.078000 0.466225 0 0 0
-0.078000 0.000000 0.466225 0 0 0
-0.078000 0.039000 0.466225 0 0 0
-0.078000 0.078000 0.466225 0 0 0
-0.078000 -0.039000 0.466225 0 0 0
-0.078000 -0.078000 0.466225 0 0 0
-0.117000 0.000000 0.466225 0 0 0
0.019500 0.019500 0.432450 0 0 0
0.019500 0.058500 0.432450 0 0 0
0.019500 0.097500 0.432450 0 0 0
0.019500 -0.019500 0.432450 0 0 0
0.019500 -0.058500 0.432450 0 0 0
0.019500 -0.097500 0.432450 0 0 0
0.058500 0.019500 0.432450 0 0 0
0.058500 0.058500 0.432450 0 0 0
0.058500 0.097500 0.432450 0 0 0
0.058500 -0.019500 0.432450 0 0 0
0.058500 -0.058500 0.432450 0 0 0
0.058500 -0.097500 0.432450 0 0 0
0.097500 0.019500 0.432450 0 0 0
0.097500 0.058500 0.432450 0 0 0
0.097500 -0.019500 0.432450 0 0 0
0.097500 -0.058500 0.432450 0 0 0
-0.019500 0.019500 0.432450 0 0 0
-0.019500 0.058500 0.432450 0 0 0
-0.019500 0.097500 0.432450 0 0 0
-0.019500 -0.019500 0.432450 0 0 0
-0.019500 -0.058500 0.432450 0 0 0
-0.019500 -0.097500 0.432450 0 0 0
-0.058500 0.019500 0.432450 0 0 0
-0.058500 0.058500 0.432450 0 0 0
-0.058500 0.097500 0.432450 0 0 0
-0.058500 -0.019500 0.432450 0 0 0
-0.058500 -0.058500 0.432450 0 0 0
-0.058500 -0.097500 0.432450 0 0 0
-0.097500 0.019500 0.432450 0 0 0
-0.097500 0.058500 0.432450 0 0 0
-0.097500 -0.019500 0.432450 0 0 0
-0.097500 -0.058500 0.432450 0 0 0
0.000000 0.000000 0.398675 0 0 0
0.000000 0.039000 0.398675 0 0 0
0.000000 0.078000 0.398675 0 0 0
0.000000 0.117000 0.398675 0 0 0
0.000000 -0.039000 0.398675 0 0 0
0.000000 -0.078000 0.398675 0 0 0
0.000000 -0.117000 0.398675 0 0 0
0.039000 0.000000 0.398675 0 0 0
0.039000 0.039000 0.398675 0 0 0
0.039000 0.078000 0.398675 0 0 0
0.039000 -0.039000 0.398675 0 0 0
0.039000 -0.078000 0.398675 0 0 0
0.078000 0.000000 0.398675 0 0 0
0.078000 0.039000 0.398675 0 0 0
0.078000 0.078000 0.398675 0 0 0
0.078000 -0.039000 0.398675 0 0 0
0.078000 -0.078000 0.398675 0 0 0
0.117000 0.000000 0.398675 0 0 0
-0.039000 0.000000 0.398675 0 0 0
-0.039000 0.039000 0.398675 0 0 0
-0.039000 0.078000 0.398675 0 0 0
-0.039000 -0.039000 0.398675 0 0 0
-0.039000 -0.078000 0.398675 0 0 0
-0.078000 0.000000 0.398675 0 0 0
-0.078000 0.039000 0.398675 0 0 0
-0.078000 0.078000 0.398675 0 0 0
-0.078000 -0.039000 0.398675 0 0 0
-0.078000 -0.078000 0.398675 0 0 0
-0.117000 0.000000 0.398675 0 0 0
0.019500 0.019500 0.364900 0 0 0
0.019500 0.058500 0.364900 0 0 0
0.019500 0.097500 0.364900 0 0 0
0.019500 -0.019500 0.364900 0 0 0
0.019500 -0.058500 0.364900 0 0 0
0.019500 -0.097500 0.364900 0 0 0
0.058500 0.019500 0.364900 0 0 0
0.058500 0.058500 0.364900 0 0 0
0.058500 0.097500 0.364900 0 0 0
0.058500 -0.019500 0.364900 0 0 0
0.058500 -0.058500 0.364900 0 0 0
0.058500 -0.097500 0.364900 0 0 0
0.097500 0.019500 0.364900 0 0 0
0.097500 0.058500 0.364900 0 0 0
0.097500 -0.019500 0.364900 0 0 0
0.097500 -0.058500 0.364900 0 0 0
-0.019500 0.019500 0.364900 0 0 0
-0.019500 0.058500 0.364900 0 0 0
-0.019500 0.097500 0.364900 0 0 0
-0.019500 -0.019500 0.364900 0 0 0
-0.019500 -0.058500 0.364900 0 0 0
-0.019500 -0.097500 0.364900 0 0 0
-0.058500 0.019500 0.364900 0 0 0
-0.058500 0.058500 0.364900 0 0 0
-0.058500 0.097500 0.364900 0 0 0
-0.058500 -0.019500 0.364900 0 0 0
-0.058500 -0.058500 0.364900 0 0 0
-0.058500 -0.097500 0.364900 0 0 0
-0.097500 0.019500 0.364900 0 0 0
-0.097500 0.058500 0.364900 0 0 0
-0.097500 -0.019500 0.364900 0 0 0
-0.097500 -0.058500 0.364900 0 0 0
0.000000 0.000000 0.331125 0 0 0
0.000000 0.039000 0.331125 0 0 0
0.000000 0.078000 0.331125 0 0 0
0.000000 0.117000 0.331125 0 0 0
0.000000 -0.039000 0.331125 0 0 0
0.000000 -0.078000 0.331125 0 0 0
0.000000 -0.117000 0.331125 0 0 0
0.039000 0.000000 0.331125 0 0 0
0.039000 0.039000 0.331125 0 0 0
0.039000 0.078000 0.331125 0 0 0
0.039000 -0.039000 0.331125 0 0 0
0.039000 -0.078000 0.331125 0 0 0
0.078000 0.000000 0.331125 0 0 0
0.078000 0.039000 0.331125 0 0 0
0.078000 0.078000 0.331125 0 0 0
0.078000 -0.039000 0.331125 0 0 0
0.078000 -0.078000 0.331125 0 0 0
0.117000 0.000000 0.331125 0 0 0
-0.039000 0.000000 0.331125 0 0 0
-0.039000 0.039000 0.331125 0 0 0
-0.039000 0.078000 0.331125 0 0 0
-0.039000 -0.039000 0.331125 0 0 0
-0.039000 -0.078000 0.331125 0 0 0
-0.078000 0.000000 0.331125 0 0 0
-0.078000 0.039000 0.331125 0 0 0
-0.078000 0.078000 0.331125 0 0 0
-0.078000 -0.039000 0.331125 0 0 0
-0.078000 -0.078000 0.331125 0 0 0
-0.117000 0.000000 0.331125 0 0 0
-0.039000 -0.078000 0.331125 0 0 0
-0.078000 0.000000 0.331125 0 0 0
-0.078000 0.039000 0.331125 0 0 0
-0.078000 0.078000 0.331125 0 0 0
-0.078000 -0.039000 0.331125 0 0 0
-0.078000 -0.078000 0.331125 0 0 0
-0.117000 0.000000 0.331125 0 0 0
-0.078000 -0.039000 0.331125 0 0 0
-0.078000 -0.078000 0.331125 0 0 0
-0.117000 0.000000 0.331125 0 0 0
-0.039000 -0.078000 0.331125 0 0 0
-0.078000 0.000000 0.331125 0 0 0
-0.078000 0.039000 0.331125 0 0 0
-0.078000 0.078000 0.331125 0 0 0
-0.078000 -0.039000 0.331125 0 0 0
-0.078000 -0.078000 0.331125 0 0 0
-0.117000 0.000000 0.331125 0 0 0

particle_velocity 0.000000 0.000000 0.0000
control_velocity no
impact_velocity 0.000000 0.000000 0.000000
