MESH dimension 3 ElemType Tetrahedra Nnode 4
Coordinates
    1               0         0.00075               0
    2  0.000377779358  0.000647906441               0
    3               0  0.000647906441  0.000377779358
    4               0  0.000647906441 -0.000377779358
    5 -0.000377779358  0.000647906441               0
    6  -0.00012278429  0.000282888216  0.000235864476
    7  0.000357998716  0.000279238788 -0.000105066898
    8 -0.000441841715  0.000418096587 -0.000438715332
    9  0.000441841715  0.000418096587  0.000438715332
   10 -0.000438715332  0.000418096587  0.000441841715
   11  0.000438715332  0.000418096587 -0.000441841715
   12               0  0.000371611621 -0.000651463586
   13 -0.000651463586  0.000371611621               0
   14  0.000651463586  0.000371611621               0
   15               0  0.000371611621  0.000651463586
   16 -0.000110388495 -1.75144501e-06 -0.000327003588
   17  0.000180601999  6.35251677e-06  0.000325991705
   18 -0.000299080804  0.000146084132 -0.000672093817
   19  0.000299080804  0.000146084132  0.000672093817
   20  0.000672093817  0.000146084132 -0.000299080804
   21 -0.000672093817  0.000146084132  0.000299080804
   22  0.000614302974  7.56949291e-05   0.00042355889
   23 -0.000614302974  7.56949291e-05  -0.00042355889
   24   0.00042355889  7.56949291e-05 -0.000614302974
   25  -0.00042355889  7.56949291e-05  0.000614302974
   26               0  2.19900276e-07  0.000749999968
   27 -0.000749999968  2.19900276e-07               0
   28               0  2.19900276e-07 -0.000749999968
   29  0.000749999968  2.19900276e-07               0
   30  -0.00035764836 -0.000306029549   4.2635273e-05
   31  0.000665249465 -0.000134743066 -0.000319041464
   32 -0.000665249465 -0.000134743066  0.000319041464
   33  0.000319041464 -0.000134743066  0.000665249465
   34 -0.000319041464 -0.000134743066 -0.000665249465
   35  0.000193021977 -0.000386006861 -0.000177589554
   36 -0.000572641448 -0.000342138038 -0.000342816765
   37  0.000342816765 -0.000342138038 -0.000572641448
   38  0.000572641448 -0.000342138038  0.000342816765
   39 -0.000342816765 -0.000342138038  0.000572641448
   40 -0.000651554608 -0.000371452007               0
   41               0 -0.000371452007 -0.000651554608
   42               0 -0.000371452007  0.000651554608
   43  0.000651554608 -0.000371452007               0
   44  0.000274498884 -0.000443680464  0.000538793104
   45 -0.000538793104 -0.000443680464  0.000274498884
   46  0.000538793104 -0.000443680464 -0.000274498884
   47 -0.000274498884 -0.000443680464 -0.000538793104
   48 -0.000299012544 -0.000618387116 -0.000301145935
   49  0.000301145935 -0.000618387116 -0.000299012544
   50 -0.000301145935 -0.000618387116  0.000299012544
   51  0.000299012544 -0.000618387116  0.000301145935
   52               0 -0.000647893098  0.000377802241
   53 -0.000377802241 -0.000647893098               0
   54               0 -0.000647893098 -0.000377802241
   55  0.000377802241 -0.000647893098               0
   56               0        -0.00075               0
end coordinates

Elements
1 31 29 20 7 1
2 40 32 45 30 1
3 42 44 52 17 1
4 55 46 49 35 1
5 47 36 48 30 1
6 20 31 7 24 1
7 34 28 18 16 1
8 18 34 16 23 1
9 46 37 49 35 1
10 40 45 53 30 1
11 54 47 48 35 1
12 42 33 44 17 1
13 52 44 51 17 1
14 43 31 46 35 1
15 45 39 50 30 1
16 33 26 19 17 1
17 41 47 54 35 1
18 53 45 50 30 1
19 41 34 47 16 1
20 43 46 55 35 1
21 32 27 21 30 1
22 44 38 51 17 1
23 43 29 31 7 1
24 47 34 36 16 1
25 32 27 30 40 1
26 27 30 40 36 1
27 30 40 36 53 1
28 19 15 9 17 1
29 47 41 16 35 1
30 32 25 39 30 1
31 55 49 56 35 1
32 56 55 35 51 1
33 55 35 51 38 1
34 49 56 35 54 1
35 35 49 54 37 1
36 31 43 7 35 1
37 7 31 35 24 1
38 43 7 35 38 1
39 14 29 22 7 1
40 14 29 7 20 1
41 7 14 20 11 1
42 20 7 11 24 1
43 54 48 56 35 1
44 46 31 37 35 1
45 34 28 16 41 1
46 28 16 41 37 1
47 33 22 38 17 1
48 15 26 25 17 1
49 41 54 37 35 1
50 21 13 10 30 1
51 55 43 35 38 1
52 34 23 36 16 1
53 53 50 56 30 1
54 44 33 38 17 1
55 12 28 24 16 1
56 12 28 16 18 1
57 16 12 18 8 1
58 18 16 8 23 1
59 31 24 37 35 1
60 13 27 23 30 1
61 52 51 56 17 1
62 42 52 39 17 1
63 39 42 17 26 1
64 42 26 33 17 1
65 45 32 39 30 1
66 33 19 22 17 1
67 50 39 52 17 1
68 52 50 17 56 1
69 21 32 30 25 1
70 5 4 1 16 1
71 29 43 38 7 1
72 48 53 56 30 1
73 4 2 1 7 1
74 22 19 9 17 1
75 48 36 53 30 1
76 21 27 13 30 1
77 2 3 1 7 1
78 3 5 1 6 1
79 19 26 15 17 1
80 25 21 10 30 1
81 11 14 2 7 1
82 51 56 17 35 1
83 17 51 35 38 1
84 25 10 15 6 1
85 7 35 38 17 1
86 7 35 17 16 1
87 7 35 16 24 1
88 35 17 16 47 1
89 16 7 24 11 1
90 2 14 9 7 1
91 50 39 17 30 1
92 17 50 30 56 1
93 39 17 30 25 1
94 17 30 25 6 1
95 17 30 6 16 1
96 30 6 16 13 1
97 17 30 16 47 1
98 39 17 25 26 1
99 6 17 16 7 1
100 16 6 7 1 1
101 6 17 7 15 1
102 47 48 35 17 1
103 30 17 56 48 1
104 11 2 4 7 1
105 27 30 36 23 1
106 47 36 30 16 1
107 36 30 16 23 1
108 24 12 16 11 1
109 37 24 28 16 1
110 29 22 7 38 1
111 3 15 10 6 1
112 3 15 6 7 1
113 8 12 4 16 1
114 12 4 16 11 1
115 24 37 35 16 1
116 37 35 16 41 1
117 22 9 14 7 1
118 48 47 30 17 1
119 16 8 23 13 1
120 8 4 5 16 1
121 56 17 35 48 1
122 9 3 2 7 1
123 22 38 17 7 1
124 9 15 3 7 1
125 5 1 6 16 1
126 1 3 6 7 1
127 5 13 8 16 1
128 10 5 3 6 1
129 10 13 5 6 1
130 13 5 6 16 1
131 4 16 11 7 1
132 16 30 13 23 1
133 9 22 17 7 1
134 30 25 6 10 1
135 6 30 10 13 1
136 6 17 15 25 1
137 4 1 16 7 1
138 15 9 17 7 1
end elements
MESH dimension 3 ElemType Triangle Nnode 3
Coordinates
end coordinates

Elements
139 41 47 54 1
140 41 34 47 1
141 41 54 37 1
142 41 28 34 1
143 41 37 28 1
144 23 34 18 1
145 8 23 18 1
146 34 28 18 1
147 18 28 12 1
148 12 8 18 1
149 31 24 37 1
150 24 31 20 1
151 37 24 28 1
152 12 28 24 1
153 11 24 20 1
154 11 12 24 1
155 25 21 10 1
156 21 13 10 1
157 25 32 21 1
158 32 27 21 1
159 21 27 13 1
160 11 14 2 1
161 2 14 9 1
162 2 3 1 1
163 4 2 1 1
164 9 3 2 1
165 11 2 4 1
166 42 44 52 1
167 52 44 51 1
168 44 33 38 1
169 42 33 44 1
170 44 38 51 1
171 56 50 52 1
172 52 51 56 1
173 42 52 39 1
174 50 39 52 1
175 54 47 48 1
176 47 34 36 1
177 47 36 48 1
178 14 29 22 1
179 22 9 14 1
180 14 11 20 1
181 20 29 14 1
182 33 22 38 1
183 42 26 33 1
184 33 19 22 1
185 33 26 19 1
186 46 31 37 1
187 43 31 46 1
188 46 37 49 1
189 55 46 49 1
190 43 46 55 1
191 31 29 20 1
192 43 29 31 1
193 3 15 10 1
194 10 5 3 1
195 25 10 15 1
196 10 13 5 1
197 54 56 49 1
198 54 48 56 1
199 53 50 56 1
200 55 49 56 1
201 48 53 56 1
202 51 55 56 1
203 3 5 1 1
204 5 4 1 1
205 49 37 54 1
206 34 23 36 1
207 36 23 27 1
208 13 27 23 1
209 8 13 23 1
210 38 22 29 1
211 29 43 38 1
212 51 38 55 1
213 38 43 55 1
214 45 32 39 1
215 40 32 45 1
216 32 25 39 1
217 40 27 32 1
218 9 15 3 1
219 26 42 39 1
220 45 39 50 1
221 53 45 50 1
222 40 45 53 1
223 25 26 39 1
224 15 26 25 1
225 48 36 53 1
226 40 36 27 1
227 40 53 36 1
228 22 19 9 1
229 19 26 15 1
230 19 15 9 1
231 11 4 12 1
232 8 12 4 1
233 8 4 5 1
234 5 13 8 1
end elements
